Le plus grand chemin est : 35
Le plus petit chemin est : 2
L'effectif total est : 934
La moyenne des longueurs de chemins est : 6.063169164882227
La variance des longueurs de chemins est : 175.1818064463687
((Chemins), effectif, frequence)
((5, 2, 4), 59, 0.06316916488222699)
((5, 8), 49, 0.05246252676659529)
((5, 8, 4), 44, 0.047109207708779445)
((5, 6, 7), 39, 0.0417558886509636)
((5, 2, 7), 36, 0.03854389721627409)
((5, 6, 3), 27, 0.028907922912205567)
((5, 6, 3, 4), 27, 0.028907922912205567)
((5, 2, 3), 18, 0.019271948608137045)
((5, 6, 7, 8, 4), 13, 0.013918629550321198)
((5, 2, 3, 4), 12, 0.01284796573875803)
((5, 8, 6, 7), 11, 0.011777301927194861)
((5, 2, 7, 8), 10, 0.010706638115631691)
((5, 8, 6, 3), 9, 0.009635974304068522)
((5, 6, 0, 7), 9, 0.009635974304068522)
((5, 6, 0, 3), 9, 0.009635974304068522)
((5, 6, 0, 8, 4), 9, 0.009635974304068522)
((5, 6, 0, 2, 4), 9, 0.009635974304068522)
((5, 2, 7, 8, 4), 8, 0.008565310492505354)
((5, 6, 3, 6, 7), 7, 0.007494646680942184)
((5, 6, 3, 8), 7, 0.007494646680942184)
((5, 6, 0, 2, 7), 6, 0.006423982869379015)
((5, 6, 7, 8), 6, 0.006423982869379015)
((5, 8, 6, 3, 8, 4), 5, 0.0053533190578158455)
((5, 8, 6, 3, 4), 5, 0.0053533190578158455)
((5, 2, 0, 7), 5, 0.0053533190578158455)
((5, 2, 0, 1), 4, 0.004282655246252677)
((5, 2, 0, 9, 2, 4), 4, 0.004282655246252677)
((5, 8, 9, 2, 4), 4, 0.004282655246252677)
((5, 8, 0, 8, 4), 4, 0.004282655246252677)
((5, 8, 9, 0, 7), 4, 0.004282655246252677)
((5, 2, 0, 8), 4, 0.004282655246252677)
((5, 8, 9, 2, 7), 3, 0.0032119914346895075)
((5, 2, 0, 2, 4), 3, 0.0032119914346895075)
((5, 8, 6, 0, 7), 3, 0.0032119914346895075)
((5, 2, 0, 3), 3, 0.0032119914346895075)
((5, 8, 9, 6, 3, 4), 3, 0.0032119914346895075)
((5, 8, 9, 6, 7), 3, 0.0032119914346895075)
((5, 2, 3, 6, 7, 8), 3, 0.0032119914346895075)
((5, 6, 3, 8, 6, 3, 4), 3, 0.0032119914346895075)
((5, 6, 0, 8), 3, 0.0032119914346895075)
((5, 6, 0, 3, 4), 3, 0.0032119914346895075)
((5, 8, 0, 1, 3), 3, 0.0032119914346895075)
((5, 2, 0, 2, 7), 3, 0.0032119914346895075)
((5, 8, 0, 2, 3, 4), 3, 0.0032119914346895075)
((5, 8, 0, 2, 4), 3, 0.0032119914346895075)
((5, 6, 0, 7, 8), 3, 0.0032119914346895075)
((5, 2, 3, 6, 3, 4), 3, 0.0032119914346895075)
((5, 8, 0, 7), 3, 0.0032119914346895075)
((5, 8, 0, 1), 3, 0.0032119914346895075)
((5, 2, 3, 6, 7), 2, 0.0021413276231263384)
((5, 6, 0, 1, 8, 4), 2, 0.0021413276231263384)
((5, 6, 7, 8, 6, 7), 2, 0.0021413276231263384)
((5, 8, 6, 7, 8, 4), 2, 0.0021413276231263384)
((5, 6, 0, 3, 8), 2, 0.0021413276231263384)
((5, 8, 6, 3, 6, 3), 2, 0.0021413276231263384)
((5, 2, 3, 6, 7, 8, 4), 2, 0.0021413276231263384)
((5, 8, 0, 9, 2, 4), 2, 0.0021413276231263384)
((5, 8, 0, 7, 8, 4), 2, 0.0021413276231263384)
((5, 8, 0, 3), 2, 0.0021413276231263384)
((5, 8, 6, 3, 8), 2, 0.0021413276231263384)
((5, 2, 0, 8, 4), 2, 0.0021413276231263384)
((5, 8, 9, 6, 3), 2, 0.0021413276231263384)
((5, 2, 0, 9, 2, 0, 7), 2, 0.0021413276231263384)
((5, 6, 0, 7, 8, 4), 2, 0.0021413276231263384)
((5, 6, 7, 8, 6, 7, 8, 4), 2, 0.0021413276231263384)
((5, 6, 3, 6, 3), 2, 0.0021413276231263384)
((5, 6, 3, 8, 6, 7, 8), 2, 0.0021413276231263384)
((5, 2, 3, 8), 2, 0.0021413276231263384)
((5, 8, 9, 2, 0, 7, 8), 2, 0.0021413276231263384)
((5, 8, 9, 6, 7, 8), 2, 0.0021413276231263384)
((5, 6, 3, 8, 0, 3), 2, 0.0021413276231263384)
((5, 8, 0, 9, 2, 0, 7, 8, 4), 2, 0.0021413276231263384)
((5, 6, 0, 9, 6, 3), 2, 0.0021413276231263384)
((5, 8, 9, 0, 8, 6, 7), 2, 0.0021413276231263384)
((5, 2, 3, 8, 4), 2, 0.0021413276231263384)
((5, 8, 0, 2, 7), 2, 0.0021413276231263384)
((5, 6, 0, 1, 2, 4), 2, 0.0021413276231263384)
((5, 8, 9, 0, 3, 4), 2, 0.0021413276231263384)
((5, 6, 0, 3, 6, 3), 2, 0.0021413276231263384)
((5, 8, 9, 2, 3, 4), 2, 0.0021413276231263384)
((5, 2, 0, 9, 2, 7), 2, 0.0021413276231263384)
((5, 2, 0, 9, 6, 3), 2, 0.0021413276231263384)
((5, 6, 3, 6, 0, 3), 2, 0.0021413276231263384)
((5, 8, 9, 6, 7, 8, 0, 8, 0, 7), 1, 0.0010706638115631692)
((5, 6, 7, 8, 6, 7, 8, 9, 2, 7), 1, 0.0010706638115631692)
((5, 8, 6, 0, 1, 3, 8, 4), 1, 0.0010706638115631692)
((5, 8, 0, 2, 0, 9, 0, 3), 1, 0.0010706638115631692)
((5, 8, 0, 3, 8, 9, 6, 0, 1, 3, 4), 1, 0.0010706638115631692)
((5, 8, 6, 3, 6, 7, 8, 0, 8, 9, 2, 4), 1, 0.0010706638115631692)
((5, 8, 0, 8), 1, 0.0010706638115631692)
((5, 2, 0, 8, 6, 3, 6, 3, 4), 1, 0.0010706638115631692)
((5, 8, 9, 0, 8, 4), 1, 0.0010706638115631692)
((5, 6, 7, 8, 6, 3, 8), 1, 0.0010706638115631692)
((5, 8, 6, 0, 9, 2, 0, 2, 0, 8, 9, 0, 8, 0, 2, 4), 1, 0.0010706638115631692)
((5, 6, 7, 8, 6, 0, 7, 8, 4), 1, 0.0010706638115631692)
((5, 6, 3, 6, 7, 8, 9, 6, 7), 1, 0.0010706638115631692)
((5, 8, 9, 6, 7, 8, 0, 3, 6, 0, 2, 4), 1, 0.0010706638115631692)
((5, 8, 6, 0, 9, 6, 7, 8, 0, 8), 1, 0.0010706638115631692)
((5, 6, 0, 3, 6, 7, 8, 6, 3), 1, 0.0010706638115631692)
((5, 6, 3, 8, 0, 1, 8, 4), 1, 0.0010706638115631692)
((5, 6, 0, 9, 2, 4), 1, 0.0010706638115631692)
((5, 6, 3, 6, 7, 8), 1, 0.0010706638115631692)
((5, 2, 0, 1, 3, 4), 1, 0.0010706638115631692)
((5, 6, 3, 6, 0, 8, 6, 3, 4), 1, 0.0010706638115631692)
((5, 8, 0, 7, 8, 0, 9, 0, 3), 1, 0.0010706638115631692)
((5, 8, 6, 7, 8, 9, 2, 3, 8, 4), 1, 0.0010706638115631692)
((5, 6, 3, 6, 0, 8, 4), 1, 0.0010706638115631692)
((5, 2, 7, 8, 6, 7, 8, 6, 7), 1, 0.0010706638115631692)
((5, 2, 3, 8, 0, 9, 2, 3), 1, 0.0010706638115631692)
((5, 6, 3, 6, 0, 2, 3, 8, 6, 0, 9, 0, 3, 8, 6, 0, 7), 1, 0.0010706638115631692)
((5, 2, 3, 6, 3), 1, 0.0010706638115631692)
((5, 2, 0, 9, 2, 7, 8), 1, 0.0010706638115631692)
((5, 6, 0, 1, 2, 7, 8, 6, 3, 6, 7), 1, 0.0010706638115631692)
((5, 6, 3, 8, 0, 7, 8, 6, 3, 8), 1, 0.0010706638115631692)
((5, 8, 9, 6, 0, 2, 4), 1, 0.0010706638115631692)
((5, 2, 0, 1, 8, 4), 1, 0.0010706638115631692)
((5, 6, 3, 6, 0, 9, 6, 3), 1, 0.0010706638115631692)
((5, 6, 0, 8, 6, 3, 4), 1, 0.0010706638115631692)
((5, 6, 0, 8, 0, 3, 6, 3, 8, 4), 1, 0.0010706638115631692)
((5, 2, 7, 8, 0, 2, 3, 4), 1, 0.0010706638115631692)
((5, 6, 0, 8, 0, 3, 8, 0, 2, 0, 9, 2, 3, 6, 3, 4), 1, 0.0010706638115631692)
((5, 8, 6, 3, 6, 0, 7), 1, 0.0010706638115631692)
((5, 8, 0, 1, 3, 8, 9, 6, 7), 1, 0.0010706638115631692)
((5, 8, 0, 2, 3, 8, 0, 9, 0, 3, 6, 3, 8, 6, 3, 4), 1, 0.0010706638115631692)
((5, 8, 9, 2, 0, 8, 6, 3), 1, 0.0010706638115631692)
((5, 2, 0, 9, 6, 0, 9, 2, 3, 6, 3), 1, 0.0010706638115631692)
((5, 6, 7, 8, 9, 6, 0, 7), 1, 0.0010706638115631692)
((5, 6, 0, 9, 0, 9, 2, 0, 7, 8, 9, 0, 7), 1, 0.0010706638115631692)
((5, 6, 7, 8, 6, 0, 1, 3, 4), 1, 0.0010706638115631692)
((5, 8, 9, 0, 2, 7), 1, 0.0010706638115631692)
((5, 8, 0, 2, 7, 8), 1, 0.0010706638115631692)
((5, 8, 0, 2, 0, 7, 8, 0, 9, 2, 0, 3, 8, 9, 6, 0, 9, 2, 0, 8, 0, 8, 0, 1, 2, 3), 1, 0.0010706638115631692)
((5, 8, 6, 3, 6, 0, 3, 4), 1, 0.0010706638115631692)
((5, 8, 0, 9, 6, 3, 6, 0, 2, 7), 1, 0.0010706638115631692)
((5, 8, 0, 3, 8, 9, 6, 3, 4), 1, 0.0010706638115631692)
((5, 6, 7, 8, 0, 1), 1, 0.0010706638115631692)
((5, 8, 6, 3, 6, 3, 6, 3, 4), 1, 0.0010706638115631692)
((5, 6, 0, 8, 9, 6, 7), 1, 0.0010706638115631692)
((5, 8, 9, 2, 0, 9, 2, 4), 1, 0.0010706638115631692)
((5, 6, 3, 6, 0, 3, 8, 6, 0, 1, 2, 3, 6, 0, 3, 4), 1, 0.0010706638115631692)
((5, 8, 9, 2, 3, 8, 6, 7, 8, 0, 8, 0, 1, 2, 0, 3), 1, 0.0010706638115631692)
((5, 6, 0, 2, 0, 2, 3), 1, 0.0010706638115631692)
((5, 6, 0, 1, 0, 3, 6, 3, 4), 1, 0.0010706638115631692)
((5, 6, 0, 8, 0, 9, 2, 4), 1, 0.0010706638115631692)
((5, 8, 0, 3, 8, 4), 1, 0.0010706638115631692)
((5, 6, 3, 6, 3, 6, 0, 9, 2, 7), 1, 0.0010706638115631692)
((5, 8, 6, 7, 8, 0, 1, 3, 6, 0, 2, 0, 9, 0, 8, 4), 1, 0.0010706638115631692)
((5, 8, 9, 6, 7, 8, 9, 2, 3, 6, 0, 2, 0, 7), 1, 0.0010706638115631692)
((5, 8, 0, 9, 2, 0, 1, 8, 6, 0, 7), 1, 0.0010706638115631692)
((5, 6, 7, 8, 0, 9, 2, 7), 1, 0.0010706638115631692)
((5, 6, 7, 8, 0, 2, 3, 4), 1, 0.0010706638115631692)
((5, 2, 7, 8, 6, 0, 2, 3), 1, 0.0010706638115631692)
((5, 8, 6, 0, 3, 6, 0, 7), 1, 0.0010706638115631692)
((5, 2, 3, 6, 3, 8, 9, 2, 7, 8), 1, 0.0010706638115631692)
((5, 8, 0, 1, 8, 6, 0, 2, 3, 4), 1, 0.0010706638115631692)
((5, 8, 9, 0, 2, 3, 6, 3), 1, 0.0010706638115631692)
((5, 2, 0, 9, 2, 7, 8, 9, 2, 7), 1, 0.0010706638115631692)
((5, 6, 3, 8, 0, 9, 6, 0, 9, 6, 0, 9, 2, 3, 6, 0, 9, 0, 2, 4), 1, 0.0010706638115631692)
((5, 8, 9, 0, 2, 0, 3, 8), 1, 0.0010706638115631692)
((5, 6, 3, 6, 7, 8, 6, 3, 8, 0, 1, 0, 1, 0, 9, 2, 4), 1, 0.0010706638115631692)
((5, 8, 9, 0, 9, 2, 0, 7), 1, 0.0010706638115631692)
((5, 8, 9, 2, 7, 8, 6, 7), 1, 0.0010706638115631692)
((5, 2, 3, 8, 6, 0, 7), 1, 0.0010706638115631692)
((5, 8, 0, 1, 8), 1, 0.0010706638115631692)
((5, 8, 0, 9, 2, 3, 6, 3), 1, 0.0010706638115631692)
((5, 6, 3, 8, 4), 1, 0.0010706638115631692)
((5, 8, 6, 0, 3, 6, 7), 1, 0.0010706638115631692)
((5, 6, 3, 6, 0, 9, 0, 9, 2, 0, 8, 6, 0, 7, 8, 4), 1, 0.0010706638115631692)
((5, 6, 0, 3, 6, 0, 2, 3, 4), 1, 0.0010706638115631692)
((5, 6, 0, 3, 6, 3, 8), 1, 0.0010706638115631692)
((5, 6, 0, 8, 9, 2, 7, 8, 6, 7, 8, 6, 7, 8, 4), 1, 0.0010706638115631692)
((5, 6, 0, 9, 2, 0, 1, 2, 7), 1, 0.0010706638115631692)
((5, 8, 0, 2, 7, 8, 0, 3, 4), 1, 0.0010706638115631692)
((5, 8, 0, 2, 7, 8, 9, 2, 0, 7, 8, 6, 0, 1), 1, 0.0010706638115631692)
((5, 8, 0, 2, 0, 3, 8, 4), 1, 0.0010706638115631692)
((5, 8, 9, 0, 3), 1, 0.0010706638115631692)
((5, 8, 9, 6, 7, 8, 6, 3), 1, 0.0010706638115631692)
((5, 8, 9, 0, 2, 4), 1, 0.0010706638115631692)
((5, 2, 7, 8, 9, 0, 2, 4), 1, 0.0010706638115631692)
((5, 6, 0, 3, 8, 6, 0, 2, 4), 1, 0.0010706638115631692)
((5, 2, 3, 8, 9, 2, 3, 6, 7), 1, 0.0010706638115631692)
((5, 6, 3, 8, 9, 0, 3, 4), 1, 0.0010706638115631692)
((5, 8, 6, 0, 2, 0, 1, 0, 3, 8, 9, 6, 3), 1, 0.0010706638115631692)
((5, 6, 0, 7, 8, 0, 8, 0, 9, 2, 0, 2, 0, 3, 6, 7, 8, 0, 3), 1, 0.0010706638115631692)
((5, 8, 6, 7, 8, 0, 3, 6, 0, 8), 1, 0.0010706638115631692)
((5, 6, 0, 2, 7, 8, 0, 1, 2, 0, 2, 0, 9, 6, 7, 8, 4), 1, 0.0010706638115631692)
((5, 6, 0, 8, 9, 2, 7, 8, 9, 2, 7), 1, 0.0010706638115631692)
((5, 2, 7, 8, 9, 6, 0, 2, 3, 8, 0, 1), 1, 0.0010706638115631692)
((5, 6, 7, 8, 0, 9, 6, 7), 1, 0.0010706638115631692)
((5, 2, 7, 8, 9, 0, 1, 3, 8, 6, 0, 1, 0, 8, 4), 1, 0.0010706638115631692)
((5, 6, 3, 6, 3, 6, 3), 1, 0.0010706638115631692)
((5, 6, 3, 6, 0, 8), 1, 0.0010706638115631692)
((5, 8, 0, 1, 8, 4), 1, 0.0010706638115631692)
((5, 2, 0, 8, 0, 9, 6, 0, 8, 0, 1, 0, 7), 1, 0.0010706638115631692)
((5, 8, 9, 2, 0, 7, 8, 0, 1, 0, 8, 0, 1, 3, 4), 1, 0.0010706638115631692)
((5, 8, 9, 2, 3, 6, 3, 4), 1, 0.0010706638115631692)
((5, 6, 0, 9, 0, 7), 1, 0.0010706638115631692)
((5, 8, 9, 6, 7, 8, 6, 0, 2, 3, 4), 1, 0.0010706638115631692)
((5, 2, 7, 8, 9, 0, 7, 8, 4), 1, 0.0010706638115631692)
((5, 8, 9, 2, 0, 2, 3), 1, 0.0010706638115631692)
((5, 2, 3, 8, 9, 2, 4), 1, 0.0010706638115631692)
((5, 6, 0, 2, 7, 8, 9, 0, 2, 0, 2, 4), 1, 0.0010706638115631692)
((5, 8, 0, 3, 6, 0, 8, 4), 1, 0.0010706638115631692)
((5, 6, 7, 8, 6, 0, 2, 7, 8, 4), 1, 0.0010706638115631692)
((5, 2, 7, 8, 6, 3), 1, 0.0010706638115631692)
((5, 8, 6, 0, 8), 1, 0.0010706638115631692)
((5, 2, 0, 2, 0, 9, 0, 8, 4), 1, 0.0010706638115631692)
((5, 2, 0, 3, 6, 3), 1, 0.0010706638115631692)
((5, 8, 9, 0, 9, 0, 8, 9, 6, 0, 8, 4), 1, 0.0010706638115631692)
((5, 8, 6, 0, 9, 0, 3, 6, 3), 1, 0.0010706638115631692)
((5, 6, 3, 6, 0, 8, 0, 9, 0, 1, 2, 3, 4), 1, 0.0010706638115631692)
((5, 6, 0, 9, 2, 3, 8), 1, 0.0010706638115631692)
((5, 6, 7, 8, 0, 3, 6, 7), 1, 0.0010706638115631692)
((5, 8, 9, 2, 3, 8, 0, 8, 9, 0, 7, 8, 9, 6, 7), 1, 0.0010706638115631692)
((5, 8, 0, 1, 8, 9, 0, 9, 2, 3, 4), 1, 0.0010706638115631692)
((5, 6, 3, 8, 9, 2, 4), 1, 0.0010706638115631692)
((5, 8, 9, 2, 7, 8, 9, 0, 7, 8, 0, 3, 4), 1, 0.0010706638115631692)
((5, 2, 3, 8, 0, 2, 4), 1, 0.0010706638115631692)
((5, 8, 9, 0, 1, 0, 2, 3, 6, 7), 1, 0.0010706638115631692)
((5, 6, 3, 8, 9, 0, 8, 0, 1, 0, 2, 7), 1, 0.0010706638115631692)
((5, 8, 6, 0, 1, 2, 4), 1, 0.0010706638115631692)
((5, 2, 0, 9, 0, 1, 3, 6, 3, 4), 1, 0.0010706638115631692)
((5, 6, 3, 8, 6, 3, 6, 7, 8, 6, 3), 1, 0.0010706638115631692)
((5, 8, 6, 0, 8, 4), 1, 0.0010706638115631692)
((5, 2, 0, 9, 0, 9, 0, 1), 1, 0.0010706638115631692)
((5, 2, 0, 8, 0, 7), 1, 0.0010706638115631692)
((5, 2, 7, 8, 0, 3), 1, 0.0010706638115631692)
((5, 6, 0, 9, 2, 3, 6, 0, 1, 8, 9, 6, 0, 7, 8, 6, 7, 8, 4), 1, 0.0010706638115631692)
((5, 6, 0, 2, 3, 8, 0, 7, 8, 0, 1), 1, 0.0010706638115631692)
((5, 6, 7, 8, 6, 3, 6, 0, 7, 8, 6, 7, 8), 1, 0.0010706638115631692)
((5, 2, 3, 6, 0, 9, 2, 4), 1, 0.0010706638115631692)
((5, 8, 9, 0, 9, 2, 0, 3, 6, 3), 1, 0.0010706638115631692)
((5, 2, 3, 8, 6, 0, 9, 6, 3, 4), 1, 0.0010706638115631692)
((5, 2, 7, 8, 6, 7), 1, 0.0010706638115631692)
((5, 8, 9, 0, 7, 8), 1, 0.0010706638115631692)
((5, 2, 7, 8, 6, 0, 2, 7, 8, 4), 1, 0.0010706638115631692)
((5, 6, 0, 2, 7, 8, 0, 3, 8), 1, 0.0010706638115631692)
((5, 8, 0, 3, 8, 0, 3, 8, 0, 2, 4), 1, 0.0010706638115631692)
((5, 8, 0, 3, 4), 1, 0.0010706638115631692)
((5, 2, 3, 6, 0, 8, 4), 1, 0.0010706638115631692)
((5, 2, 0, 9, 6, 7), 1, 0.0010706638115631692)
((5, 8, 0, 8, 9, 2, 7, 8, 9, 6, 0, 9, 2, 4), 1, 0.0010706638115631692)
((5, 2, 7, 8, 0, 8, 4), 1, 0.0010706638115631692)
((5, 2, 3, 8, 0, 2, 0, 3, 8, 4), 1, 0.0010706638115631692)
((5, 2, 0, 2, 0, 2, 7), 1, 0.0010706638115631692)
((5, 2, 3, 8, 0, 8), 1, 0.0010706638115631692)
((5, 6, 7, 8, 6, 0, 9, 0, 8), 1, 0.0010706638115631692)
((5, 8, 0, 9, 6, 3, 8), 1, 0.0010706638115631692)
((5, 8, 6, 0, 8, 9, 0, 9, 6, 0, 1, 0, 1), 1, 0.0010706638115631692)
((5, 8, 6, 7, 8, 9, 0, 7), 1, 0.0010706638115631692)
((5, 2, 0, 3, 4), 1, 0.0010706638115631692)
((5, 6, 0, 7, 8, 6, 7), 1, 0.0010706638115631692)
((5, 6, 3, 6, 0, 7), 1, 0.0010706638115631692)
((5, 6, 0, 3, 8, 0, 3, 6, 7), 1, 0.0010706638115631692)
((5, 6, 3, 6, 0, 9, 2, 4), 1, 0.0010706638115631692)
((5, 6, 3, 6, 0, 8, 6, 7, 8), 1, 0.0010706638115631692)
((5, 2, 7, 8, 0, 1, 3, 6, 0, 8, 0, 9, 0, 2, 0, 8, 6, 7), 1, 0.0010706638115631692)
((5, 2, 0, 9, 2, 0, 3, 4), 1, 0.0010706638115631692)
((5, 6, 7, 8, 6, 0, 1, 8, 4), 1, 0.0010706638115631692)
((5, 8, 6, 7, 8, 0, 9, 0, 1, 8, 0, 3, 4), 1, 0.0010706638115631692)
((5, 6, 7, 8, 6, 3, 4), 1, 0.0010706638115631692)
((5, 8, 0, 9, 0, 3, 8), 1, 0.0010706638115631692)
((5, 2, 0, 2, 3, 6, 3), 1, 0.0010706638115631692)
((5, 6, 0, 8, 9, 0, 2, 3, 4), 1, 0.0010706638115631692)
((5, 8, 6, 7, 8, 9, 0, 9, 2, 3, 8, 6, 7, 8, 0, 9, 2, 4), 1, 0.0010706638115631692)
((5, 6, 7, 8, 9, 6, 7, 8), 1, 0.0010706638115631692)
((5, 6, 7, 8, 0, 1, 0, 1, 0, 8, 0, 7, 8, 6, 7, 8, 0, 9, 6, 0, 1, 3, 6, 0, 3, 8, 0, 9, 6, 3, 6, 0, 9, 2, 4), 1, 0.0010706638115631692)
((5, 8, 9, 6, 0, 2, 7), 1, 0.0010706638115631692)
((5, 8, 9, 2, 3, 8), 1, 0.0010706638115631692)
((5, 2, 7, 8, 9, 6, 3, 8, 0, 1, 3), 1, 0.0010706638115631692)
((5, 8, 6, 3, 6, 0, 7, 8, 0, 7), 1, 0.0010706638115631692)
((5, 6, 7, 8, 0, 7, 8), 1, 0.0010706638115631692)
((5, 8, 6, 0, 9, 6, 3, 8, 4), 1, 0.0010706638115631692)
((5, 2, 3, 8, 9, 6, 7, 8, 4), 1, 0.0010706638115631692)
((5, 8, 0, 3, 8, 0, 3), 1, 0.0010706638115631692)
((5, 2, 0, 8, 0, 8, 4), 1, 0.0010706638115631692)
((5, 2, 7, 8, 0, 8, 6, 3), 1, 0.0010706638115631692)
((5, 6, 7, 8, 0, 7), 1, 0.0010706638115631692)
((5, 8, 0, 9, 0, 9, 2, 0, 3), 1, 0.0010706638115631692)
((5, 6, 7, 8, 9, 0, 1, 3, 8, 9, 0, 9, 6, 7), 1, 0.0010706638115631692)
((5, 8, 9, 0, 3, 8, 4), 1, 0.0010706638115631692)
((5, 6, 3, 8, 9, 0, 1), 1, 0.0010706638115631692)
((5, 8, 6, 0, 2, 7, 8, 4), 1, 0.0010706638115631692)
((5, 6, 7, 8, 0, 3), 1, 0.0010706638115631692)
((5, 6, 3, 6, 7, 8, 6, 0, 8, 4), 1, 0.0010706638115631692)
((5, 2, 0, 1, 2, 0, 3, 4), 1, 0.0010706638115631692)
((5, 2, 0, 1, 0, 2, 0, 2, 3, 8, 0, 3, 6, 0, 2, 4), 1, 0.0010706638115631692)
((5, 8, 6, 7, 8, 9, 6, 0, 8, 6, 7, 8, 6, 3), 1, 0.0010706638115631692)
((5, 2, 7, 8, 9, 0, 9, 6, 0, 1, 8, 9, 2, 7), 1, 0.0010706638115631692)
((5, 6, 7, 8, 0, 8), 1, 0.0010706638115631692)
((5, 8, 9, 6, 7, 8, 0, 7, 8, 4), 1, 0.0010706638115631692)
((5, 6, 0, 9, 0, 9, 2, 0, 3, 8, 9, 2, 7), 1, 0.0010706638115631692)
((5, 8, 0, 1, 8, 9, 6, 7), 1, 0.0010706638115631692)
((5, 8, 0, 2, 0, 8, 4), 1, 0.0010706638115631692)
((5, 8, 6, 0, 7, 8, 9, 0, 8, 4), 1, 0.0010706638115631692)
((5, 6, 7, 8, 6, 3), 1, 0.0010706638115631692)
((5, 6, 7, 8, 6, 3, 6, 3, 6, 0, 3, 4), 1, 0.0010706638115631692)
((5, 6, 0, 9, 6, 0, 7, 8, 0, 8), 1, 0.0010706638115631692)
((5, 8, 6, 7, 8, 9, 2, 7), 1, 0.0010706638115631692)
((5, 6, 0, 7, 8, 0, 9, 0, 2, 3, 4), 1, 0.0010706638115631692)
((5, 2, 0, 9, 6, 3, 6, 0, 8, 9, 6, 0, 8, 9, 2, 4), 1, 0.0010706638115631692)
((5, 8, 6, 0, 3, 8, 9, 2, 7, 8, 6, 0, 8), 1, 0.0010706638115631692)
((5, 6, 0, 1, 0, 8, 9, 6, 0, 1, 3, 4), 1, 0.0010706638115631692)
((5, 8, 6, 0, 8, 6, 0, 7), 1, 0.0010706638115631692)
((5, 6, 7, 8, 6, 0, 3, 8, 0, 1, 3), 1, 0.0010706638115631692)
((5, 8, 9, 0, 9, 6, 0, 1, 3, 6, 3), 1, 0.0010706638115631692)
((5, 6, 7, 8, 9, 6, 3, 4), 1, 0.0010706638115631692)
((5, 6, 3, 8, 6, 0, 7), 1, 0.0010706638115631692)
((5, 6, 3, 6, 3, 6, 3, 4), 1, 0.0010706638115631692)
((5, 2, 3, 8, 9, 6, 0, 1, 0, 8), 1, 0.0010706638115631692)
((5, 2, 3, 6, 3, 6, 0, 1, 2, 3, 6, 3), 1, 0.0010706638115631692)
((5, 8, 9, 0, 1, 3, 4), 1, 0.0010706638115631692)
((5, 6, 3, 6, 3, 6, 7), 1, 0.0010706638115631692)
((5, 6, 7, 8, 9, 0, 3, 6, 0, 8, 9, 0, 9, 6, 3, 6, 7), 1, 0.0010706638115631692)
((5, 2, 3, 8, 0, 9, 6, 3, 4), 1, 0.0010706638115631692)
((5, 6, 0, 8, 0, 3, 8), 1, 0.0010706638115631692)
((5, 8, 9, 6, 0, 8, 0, 2, 4), 1, 0.0010706638115631692)
((5, 8, 9, 6, 3, 6, 3), 1, 0.0010706638115631692)
((5, 8, 0, 1, 3, 6, 0, 9, 2, 3, 6, 0, 8, 4), 1, 0.0010706638115631692)
((5, 2, 0, 7, 8, 6, 7, 8, 0, 7), 1, 0.0010706638115631692)
((5, 8, 0, 7, 8, 6, 0, 2, 4), 1, 0.0010706638115631692)
((5, 2, 7, 8, 6, 3, 8), 1, 0.0010706638115631692)
((5, 6, 0, 3, 6, 7), 1, 0.0010706638115631692)
((5, 2, 7, 8, 9, 0, 7, 8, 6, 7, 8), 1, 0.0010706638115631692)
((5, 8, 0, 8, 6, 0, 7, 8, 6, 7, 8, 0, 1, 2, 4), 1, 0.0010706638115631692)
((5, 6, 7, 8, 9, 6, 7, 8, 6, 0, 7), 1, 0.0010706638115631692)
((5, 8, 9, 0, 1, 2, 4), 1, 0.0010706638115631692)
((5, 8, 9, 2, 7, 8, 4), 1, 0.0010706638115631692)
((5, 8, 6, 0, 2, 7), 1, 0.0010706638115631692)
((5, 2, 0, 9, 6, 3, 8, 6, 3, 8, 6, 3, 4), 1, 0.0010706638115631692)
((5, 6, 7, 8, 6, 3, 6, 3, 4), 1, 0.0010706638115631692)
((5, 2, 0, 3, 6, 7, 8, 0, 8, 4), 1, 0.0010706638115631692)
((5, 6, 7, 8, 9, 6, 7), 1, 0.0010706638115631692)
((5, 6, 3, 6, 0, 1), 1, 0.0010706638115631692)
((5, 8, 6, 3, 8, 6, 7, 8), 1, 0.0010706638115631692)
((5, 6, 7, 8, 9, 2, 3, 8, 6, 0, 9, 2, 4), 1, 0.0010706638115631692)
((5, 8, 0, 3, 6, 7), 1, 0.0010706638115631692)
((5, 2, 3, 6, 0, 7), 1, 0.0010706638115631692)
((5, 2, 0, 8, 0, 2, 7), 1, 0.0010706638115631692)
((5, 6, 0, 9, 2, 3, 6, 7, 8, 4), 1, 0.0010706638115631692)
((5, 6, 0, 1), 1, 0.0010706638115631692)
((5, 8, 6, 3, 6, 3, 8), 1, 0.0010706638115631692)
((5, 6, 3, 6, 0, 8, 9, 0, 7), 1, 0.0010706638115631692)
((5, 8, 0, 9, 2, 0, 9, 6, 0, 7), 1, 0.0010706638115631692)
((5, 2, 0, 2, 7, 8, 4), 1, 0.0010706638115631692)
((5, 8, 0, 8, 9, 0, 3), 1, 0.0010706638115631692)
((5, 2, 0, 9, 2, 0, 7, 8, 0, 1, 0, 3, 8, 0, 7), 1, 0.0010706638115631692)
((5, 6, 0, 1, 2, 7, 8, 6, 0, 2, 4), 1, 0.0010706638115631692)
((5, 8, 0, 8, 6, 3, 4), 1, 0.0010706638115631692)
((5, 6, 0, 1, 3, 8, 6, 0, 3, 4), 1, 0.0010706638115631692)
((5, 6, 0, 3, 6, 0, 7), 1, 0.0010706638115631692)
((5, 2, 0, 9, 0, 8), 1, 0.0010706638115631692)
((5, 2, 3, 6, 7, 8, 6, 7, 8, 9, 6, 3, 4), 1, 0.0010706638115631692)
((5, 8, 9, 0, 3, 6, 3), 1, 0.0010706638115631692)
((5, 8, 9, 6, 0, 2, 0, 7), 1, 0.0010706638115631692)
((5, 8, 9, 6, 0, 7, 8, 6, 0, 3, 4), 1, 0.0010706638115631692)
((5, 2, 7, 8, 6, 3, 6, 0, 2, 3, 6, 0, 9, 0, 1, 8, 9, 2, 0, 7, 8, 0, 9, 0, 7, 8, 0, 8, 6, 7, 8, 0, 3, 4), 1, 0.0010706638115631692)
((5, 8, 0, 9, 6, 3), 1, 0.0010706638115631692)
((5, 6, 3, 8, 0, 8, 9, 6, 0, 9, 6, 3, 6, 3, 6, 3, 4), 1, 0.0010706638115631692)
((5, 6, 0, 8, 0, 8), 1, 0.0010706638115631692)
((5, 6, 7, 8, 9, 6, 3, 6, 3, 6, 7, 8, 6, 0, 2, 0, 7), 1, 0.0010706638115631692)
((5, 6, 0, 1, 3), 1, 0.0010706638115631692)
((5, 2, 0, 9, 2, 0, 1, 2, 3), 1, 0.0010706638115631692)
((5, 6, 3, 6, 3, 4), 1, 0.0010706638115631692)
((5, 8, 6, 7, 8, 6, 3, 6, 3, 8), 1, 0.0010706638115631692)
((5, 8, 0, 8, 6, 7), 1, 0.0010706638115631692)
((5, 6, 0, 3, 6, 0, 2, 7, 8, 9, 0, 8, 4), 1, 0.0010706638115631692)
((5, 6, 0, 3, 6, 0, 3), 1, 0.0010706638115631692)
((5, 8, 0, 9, 6, 0, 1, 0, 7), 1, 0.0010706638115631692)
((5, 6, 0, 2, 7, 8), 1, 0.0010706638115631692)
((5, 2, 3, 8, 0, 3), 1, 0.0010706638115631692)
((5, 6, 7, 8, 0, 8, 0, 8, 4), 1, 0.0010706638115631692)
((5, 8, 6, 0, 7, 8, 9, 6, 3, 6, 0, 3, 4), 1, 0.0010706638115631692)
((5, 8, 0, 2, 7, 8, 9, 0, 7), 1, 0.0010706638115631692)
((5, 8, 0, 9, 0, 2, 0, 8), 1, 0.0010706638115631692)
((5, 2, 0, 3, 6, 7, 8, 9, 0, 7, 8, 9, 0, 8, 9, 2, 4), 1, 0.0010706638115631692)
((5, 8, 9, 6, 3, 6, 0, 1, 3), 1, 0.0010706638115631692)
((5, 6, 3, 6, 7, 8, 9, 6, 7, 8), 1, 0.0010706638115631692)
((5, 8, 0, 8, 0, 2, 7), 1, 0.0010706638115631692)
((5, 6, 0, 9, 2, 7), 1, 0.0010706638115631692)
((5, 2, 0, 9, 2, 0, 9, 2, 3, 8, 9, 2, 0, 9, 2, 0, 3, 6, 0, 8, 6, 0, 3, 8, 6, 3, 8, 0, 3, 4), 1, 0.0010706638115631692)
((5, 8, 9, 2, 0, 1, 8, 6, 3, 4), 1, 0.0010706638115631692)
((5, 2, 0, 3, 6, 0, 9, 2, 3, 4), 1, 0.0010706638115631692)
((5, 8, 9, 6, 0, 2, 3, 8, 6, 3, 6, 3, 6, 0, 2, 3, 4), 1, 0.0010706638115631692)
((5, 2, 0, 2, 0, 7), 1, 0.0010706638115631692)
((5, 6, 3, 6, 3, 6, 0, 9, 2, 4), 1, 0.0010706638115631692)
((5, 6, 7, 8, 9, 2, 3, 8, 4), 1, 0.0010706638115631692)
((5, 2, 3, 6, 0, 9, 0, 1, 8, 6, 0, 8, 9, 6, 0, 2, 7, 8, 6, 0, 1), 1, 0.0010706638115631692)
((5, 6, 7, 8, 6, 7, 8, 0, 1), 1, 0.0010706638115631692)
((5, 8, 9, 6, 0, 9, 2, 3), 1, 0.0010706638115631692)
((5, 8, 6, 7, 8, 0, 8), 1, 0.0010706638115631692)
((5, 2, 0, 9, 6, 3, 6, 3), 1, 0.0010706638115631692)
((5, 2, 3, 8, 6, 0, 8, 6, 3), 1, 0.0010706638115631692)
((5, 6, 7, 8, 0, 8, 4), 1, 0.0010706638115631692)
((5, 8, 9, 0, 1, 8, 9, 2, 7), 1, 0.0010706638115631692)
((5, 2, 7, 8, 6, 0, 8), 1, 0.0010706638115631692)
((5, 8, 0, 9, 6, 7), 1, 0.0010706638115631692)
((5, 6, 0, 1, 8, 9, 0, 9, 6, 7, 8, 4), 1, 0.0010706638115631692)
((5, 2, 0, 2, 3, 4), 1, 0.0010706638115631692)
((5, 2, 0, 9, 2, 3, 6, 3, 6, 0, 7, 8, 9, 2, 7, 8, 4), 1, 0.0010706638115631692)
((5, 2, 0, 2, 0, 9, 0, 9, 2, 4), 1, 0.0010706638115631692)
((5, 8, 6, 0, 9, 2, 4), 1, 0.0010706638115631692)
((5, 2, 0, 9, 2, 0, 3), 1, 0.0010706638115631692)
((5, 8, 9, 0, 8, 9, 0, 8, 4), 1, 0.0010706638115631692)
((5, 8, 6, 0, 9, 6, 3), 1, 0.0010706638115631692)
((5, 2, 0, 3, 8, 6, 7, 8, 4), 1, 0.0010706638115631692)
((5, 6, 3, 6, 0, 1, 0, 8, 9, 2, 3, 6, 0, 9, 2, 4), 1, 0.0010706638115631692)
((5, 6, 0, 9, 0, 1), 1, 0.0010706638115631692)
((5, 2, 0, 2, 0, 1, 0, 2, 0, 8, 0, 7, 8, 6, 0, 8, 0, 7), 1, 0.0010706638115631692)
((5, 6, 0, 7, 8, 6, 3, 6, 7), 1, 0.0010706638115631692)
((5, 2, 0, 9, 0, 2, 0, 8, 6, 0, 2, 0, 3, 4), 1, 0.0010706638115631692)
((5, 8, 0, 9, 2, 7, 8, 0, 9, 6, 3, 4), 1, 0.0010706638115631692)
((5, 8, 9, 0, 7, 8, 0, 9, 0, 9, 2, 7, 8, 9, 0, 3), 1, 0.0010706638115631692)
((5, 2, 0, 8, 0, 9, 6, 0, 9, 6, 3, 4), 1, 0.0010706638115631692)
((5, 6, 7, 8, 6, 0, 8, 0, 2, 0, 3, 4), 1, 0.0010706638115631692)
((5, 8, 9, 2, 3), 1, 0.0010706638115631692)
((5, 8, 6, 0, 3, 4), 1, 0.0010706638115631692)
((5, 2, 0, 8, 0, 8, 6, 3, 6, 7), 1, 0.0010706638115631692)
((5, 6, 0, 1, 0, 2, 3, 4), 1, 0.0010706638115631692)
((5, 6, 0, 1, 8), 1, 0.0010706638115631692)
((5, 6, 0, 8, 9, 6, 3, 4), 1, 0.0010706638115631692)
((5, 6, 7, 8, 6, 0, 3, 4), 1, 0.0010706638115631692)
((5, 2, 3, 8, 9, 0, 9, 6, 3, 4), 1, 0.0010706638115631692)
((5, 8, 9, 6, 0, 9, 6, 0, 9, 0, 3), 1, 0.0010706638115631692)
((5, 8, 0, 1, 8, 9, 0, 3), 1, 0.0010706638115631692)
((5, 2, 7, 8, 6, 3, 6, 7), 1, 0.0010706638115631692)
((5, 2, 0, 9, 0, 2, 0, 8, 0, 9, 0, 3, 4), 1, 0.0010706638115631692)
((5, 2, 7, 8, 9, 6, 7, 8, 6, 0, 3, 8, 9, 6, 3, 8, 4), 1, 0.0010706638115631692)
((5, 8, 0, 9, 6, 0, 7, 8, 0, 2, 0, 7), 1, 0.0010706638115631692)
((5, 6, 7, 8, 0, 2, 4), 1, 0.0010706638115631692)
((5, 6, 0, 7, 8, 9, 2, 7, 8, 0, 8, 0, 1, 8, 4), 1, 0.0010706638115631692)
((5, 6, 0, 2, 0, 9, 6, 0, 3), 1, 0.0010706638115631692)
